7.99927
8.51011
9.00934
9.50857
10.0078
10.507
11.0063
11.5055
12.0047
12.5156
13.0148
13.514
14.0016
14.5125
15.0117
15.5109
16.0102
16.5094
17.0086
17.5078
18.0071
18.5063
19.0171
19.5164
20.0156
20.5148
21.0141
21.5133
22.0125
22.5001
22.9878
23.4754
24.0094
24.5435
25.0776
25.5652
26.0528
26.5404
27.028
27.5156
28.0149
28.5141
29.0133
29.5126
30.0118
30.511
31.0102
31.5095
32.0087
32.5079
33.0072
33.5064
34.0056
34.5049
35.0041
35.5033
36.0141
36.5134
37.0126
37.5118
38.0111
38.5103
39.0095
39.5088
40.008
40.5072
41.0064
41.5057
42.0049
42.5041
43.0034
43.5026
44.0018
44.501
45.0003
45.5111
46.0103
46.5096
47.0088
47.508
48.0073
48.5065
49.0057
49.5049
50.0158
50.5034
51.0026
51.5019
52.0127
52.5119
53.0112
53.5104
54.0096
54.5088
55.0081
55.4957
56.0065
56.5058
57.005
57.5042
58.0034
58.5027
59.0019
59.5011
60.0004
60.4996
60.9988
61.498
61.9973
62.4965
62.9957
63.495
64.0058
64.505
65.0043
65.5035
66.0027
66.5019
67.0128
67.5004
68.0112
68.5105
69.0097
69.4973
69.9966
70.4958
71.0066
71.5059
72.0051
72.5043
73.0035
73.5028
74.002
74.5012
75.0005
75.4997
75.9989
76.4981
76.9974
77.4966
77.9958
78.5067
79.0059
79.5051
80.0043
80.5036
81.0028
81.502
82.0013
82.5005
82.9997
83.499
83.9982
84.4974
85.0083
85.5075
86.0067
86.5059
87.0052
87.5044
88.0036
88.5029
89.0021
89.5013
90.0005
90.4998
90.999
91.5098
91.9975
92.4967
92.9959
93.5068
94.006
94.5052
95.0044
95.5037
96.0029
96.5021
97.0014
97.5006
97.9998
98.499
99.0099
99.4975
99.9967
100.496
101.007
101.506
102.005
102.504
103.004
103.503
104.002
104.513
105.012
105.511
106.011
106.51
106.998
107.497
107.996
108.507
109.018
109.505
110.005
110.504
111.015
111.502
112.013
112.501
113
113.499
114.01
114.498
115.008
115.508
116.007
116.506
117.005
117.505
118.004
118.503
119.002
119.501
120.001
120.5
120.999
121.498
121.998
122.508
123.008
123.507
123.995
124.505
125.005
125.504
126.003
126.502
127.013
127.512
128.012
128.511
129.01
129.509
130.009
130.508
131.007
131.506
132.005
132.505
133.004
133.503
134.002
134.502
135.001
135.512
136.022
136.533
137.044
137.555
138.066
138.635
139.204
139.773
140.341
140.91
141.421
141.932
142.443
142.954
143.464
143.987
144.498
145.009
145.508
146.007
146.518
147.017
147.516
148.016
148.515
149.014
149.513
150.013
150.512
151.011
151.51
152.009
152.509
153.008
153.507
154.018
154.517
155.016
155.516
156.015
156.514
157.013
157.513
158.023
158.523
159.022
159.509
160.009
160.508
161.007
161.506
162.006
162.505
163.004
163.503
164.003
164.502
165.001
165.5
165.999
166.51
167.01
167.509
168.008
168.507
169.006
169.506
170.005
170.504
171.003
171.503
172.013
172.513
173.012
173.511
174.01
174.51
175.009
175.508
176.007
176.506
177.006
177.505
178.004
178.503
179.003
179.513
180.013
180.512
181.011
181.51
182.01
182.509
183.008
183.507
184.007
184.506
185.005
185.504
186.003
186.503
187.002
187.501
188
188.5
188.999
189.498
189.997
190.497
190.996
191.495
192.006
192.505
193.004
193.503
194.003
194.502
195.001
195.5
196
196.51
197.01
197.509
198.008
198.507
199.007
199.506
200.005
200.504
201.004
201.503
202.002
202.501
203.012
203.511
204.011
204.51
205.009
205.497
205.996
206.495
207.006
207.505
208.004
208.504
209.003
209.502
210.001
210.512
211.011
211.511
211.998
212.509
213.008
213.507
214.007
214.506
215.017
215.504
216.015
216.514
217.014
217.501
218.012
218.511
219.011
219.51
220.009
220.508
221.008
221.507
222.006
222.494
223.004
223.527
224.061
224.595
225.129
225.663
226.197
226.743
227.277
