0.487619
0.998458
1.48608
1.99692
2.49615
2.99537
3.50621
3.99383
4.50467
4.99229
5.50313
5.99075
6.50159
6.98921
7.50005
7.98766
8.4985
8.98612
9.49696
9.99619
10.4954
11.0063
11.4939
12.0047
12.4923
13.0032
13.4908
14.0016
14.5009
15.0001
15.5109
15.9985
16.5094
16.997
17.5078
17.9955
18.5063
18.9939
19.5048
19.9924
20.5032
21.0024
21.5017
22.0125
22.5001
22.9994
23.4986
24.0094
24.5203
25.0079
25.5071
26.0063
26.494
27.0048
27.4924
27.9917
28.4909
29.0017
29.4893
30.0002
30.4878
30.9986
31.4979
31.9971
32.5079
32.9956
33.5064
33.994
34.5049
34.9925
35.5033
35.9909
36.5018
37.001
37.5002
38.0111
38.4987
39.0095
39.4971
39.9848
40.4956
41.0064
41.4941
42.0049
42.4925
43.0034
43.491
44.0018
44.4894
45.0003
45.4995
45.9987
46.5096
46.9972
47.508
47.9956
48.5065
48.9941
49.5049
50.0042
50.5034
50.991
51.5019
52.0127
52.5003
53.0112
53.4988
54.0096
54.4972
55.0081
55.4957
56.0065
56.4941
57.005
57.4926
58.0034
58.4911
59.0019
59.5127
60.0004
60.5112
60.9988
61.4864
61.9973
62.5081
62.9957
63.5066
63.9942
64.505
64.9927
65.5035
65.9911
66.5019
67.0128
67.5004
67.9996
68.4989
69.0097
69.4973
70.0082
70.4958
71.0066
71.4942
71.9935
72.4927
73.0035
73.4912
74.002
74.5012
75.0005
75.4881
75.9989
76.5098
76.9974
77.4966
77.9958
78.5067
78.9943
79.5051
79.9927
80.5036
80.9912
81.502
81.9897
82.5005
82.9997
83.499
83.9982
84.4974
85.0083
85.4959
86.0067
86.4943
87.0052
87.4928
88.0036
88.4912
89.0021
89.5013
90.0005
90.4882
90.999
91.4982
91.9975
92.5083
92.9959
93.4951
93.9944
94.5052
95.0161
95.5037
95.9913
96.5021
97.0014
97.5006
98.0114
98.499
98.9983
99.4975
100.008
100.496
101.007
101.494
102.005
102.493
103.004
103.491
104.002
104.49
105.001
105.5
105.999
106.487
106.998
107.508
107.996
108.507
108.994
109.505
109.993
110.504
111.003
111.502
112.001
112.501
112.988
113.499
114.01
114.498
115.008
115.496
115.995
116.495
117.005
117.493
118.004
118.491
119.002
119.49
120.001
120.512
120.999
121.51
121.998
122.508
122.996
123.507
123.995
124.505
124.993
125.504
125.991
126.502
127.013
127.501
127.988
128.499
129.01
129.498
130.009
130.496
131.007
131.495
131.994
132.493
133.004
133.492
134.002
134.502
135.001
135.5
135.999
136.51
137.009
137.509
137.996
138.507
138.995
139.505
139.993
140.504
140.992
141.502
141.99
142.501
143
143.499
143.987
144.498
145.009
145.496
146.007
146.495
147.006
147.493
148.004
148.503
149.002
149.513
150.001
150.5
150.999
151.51
151.998
152.509
152.996
153.507
154.006
154.506
154.993
155.504
155.992
156.502
156.99
157.501
158.012
158.499
159.01
159.498
159.997
160.496
161.007
161.495
162.006
162.493
163.004
163.492
164.003
164.502
165.001
165.489
165.999
166.51
166.998
167.509
167.996
168.507
169.006
169.506
169.993
170.504
170.992
171.503
171.99
172.501
173
173.499
173.999
174.498
175.009
175.496
176.007
176.495
177.006
177.493
178.004
178.492
179.003
179.49
180.001
180.512
181
181.499
181.998
182.509
182.996
183.507
183.995
184.506
184.993
185.504
185.992
186.503
187.002
187.501
188
188.5
188.999
189.498
189.997
190.497
191.007
191.495
192.006
192.493
193.004
193.492
194.003
194.514
195.001
195.489
196
196.499
196.998
197.509
198.02
198.507
198.995
199.506
199.993
200.504
201.015
201.503
202.014
202.501
203
203.5
203.999
204.498
205.009
205.497
206.007
206.495
207.006
207.494
208.004
208.515
209.003
209.514
210.001
210.489
211
211.499
211.998
212.509
212.997
213.507
213.995
214.506
214.994
215.504
215.992
216.503
216.99
217.501
218.012
218.5
218.987
219.498
219.986
220.497
220.996
221.495
222.006
222.494
223.004
223.492
224.003
224.491
225.001
225.489
226
226.499
226.998
227.509
227.997
228.508
228.995
229.506
229.994
230.504
231.004
231.503
231.991
232.501
233.012
233.5
234.011
234.498
234.998
235.497
236.008
236.495
237.006
237.494
238.005
238.539
239.049
239.444
239.839
240.234
240.605
241
241.418
241.859
242.347
242.857
243.392
243.926
244.413
244.878
245.412
245.969
246.503
247.014
247.525
248.047
