0.534059
1.05651
1.55574
2.06658
2.5658
3.06503
3.56426
4.06349
4.56272
5.06195
5.56118
6.06041
6.55964
7.05887
7.55809
8.05732
8.56816
9.06739
9.56662
10.0659
10.5651
11.0643
11.5635
12.0628
12.5736
13.0728
13.5721
14.0713
14.5705
15.0697
15.569
16.0682
16.5674
17.0667
17.5659
18.0651
18.5527
19.052
19.528
20.0388
20.5497
21.0489
21.5481
22.059
22.5582
23.0574
23.545
24.0559
24.5551
25.0543
25.5536
26.0528
26.5636
27.0512
27.5621
28.0497
28.5605
29.0482
29.559
30.0582
30.5575
31.0567
31.5559
32.0551
32.5544
33.0536
33.5528
34.0521
34.5513
35.0505
35.5498
36.049
36.5482
37.059
37.5467
38.0575
38.5567
39.056
39.5552
40.0544
40.5536
41.0529
41.5521
42.0513
42.5506
43.0498
43.549
44.0483
44.5475
45.0467
45.5459
46.0452
46.5444
47.0436
47.5545
48.0537
48.5529
49.0522
49.5514
50.0506
50.5498
51.0375
51.5367
52.0359
52.5468
53.0576
53.5568
54.0561
54.5553
55.0545
55.5537
56.053
56.5638
57.0514
57.5623
58.0499
58.5607
59.0483
59.5592
60.0468
60.5576
61.0569
61.5561
62.0553
62.5546
63.0538
63.553
64.0522
64.5515
65.0507
65.5499
66.0492
66.5484
67.036
67.5236
68.0345
68.4989
68.9749
69.4509
69.9501
70.4493
70.9602
71.4478
71.947
72.4463
72.9571
73.4447
73.9556
74.4432
74.954
75.4416
75.9409
76.4401
76.9393
77.4385
77.9494
78.437
78.9362
79.4355
79.9463
80.4339
80.9332
81.4324
81.9432
82.4541
82.9765
83.5222
84.0562
84.5555
85.0547
85.5539
86.0532
86.564
87.0516
87.5624
88.0501
88.5609
89.0485
89.5594
90.047
90.5578
91.0571
91.5563
92.0555
92.5547
93.054
93.5532
94.0524
94.5517
95.0509
95.5501
96.0493
96.5486
97.0594
97.547
98.0463
98.5455
99.0563
99.5672
100.055
100.566
101.065
101.564
102.063
102.563
103.062
103.561
104.072
104.571
105.07
105.57
106.069
106.568
107.067
107.566
108.066
108.565
109.064
109.563
110.063
110.562
111.061
111.56
112.06
112.57
113.093
113.615
114.149
114.695
115.241
115.786
116.332
116.866
117.412
117.946
118.468
118.979
119.49
120.001
120.512
121.022
121.533
122.032
122.532
123.043
123.553
124.064
124.575
125.086
125.597
126.108
126.618
127.118
127.617
128.128
128.639
129.149
129.66
130.171
130.682
131.193
131.704
132.203
132.702
133.213
133.724
134.235
134.745
135.256
135.767
136.278
136.789
137.288
137.787
138.298
138.809
139.32
139.831
140.341
140.852
141.363
141.874
142.373
142.872
143.383
143.894
144.405
144.916
145.427
145.937
146.448
146.959
147.458
147.958
148.468
148.979
149.49
150.001
150.512
151.023
151.533
152.044
152.543
153.043
153.554
154.064
154.575
155.086
155.597
156.108
156.607
157.106
157.617
158.128
158.639
159.15
159.66
160.171
160.682
161.193
161.692
162.191
162.702
163.213
163.724
164.235
164.746
165.256
165.767
166.255
166.742
