0.673379
1.34676
2.02014
2.69351
3.35528
4.01705
4.69043
5.3522
6.01397
6.68735
7.34912
8.01088
8.68426
9.35764
10.0194
10.6812
11.3546
12.0163
12.6781
13.3515
14.0249
14.675
15.3484
16.0218
16.6835
17.3453
18.0187
18.6805
19.3422
20.0156
20.6774
21.3391
22.0125
22.6859
23.3477
24.0094
24.6828
25.3446
26.0063
26.6797
27.3531
28.0149
28.6766
29.35
30.0234
30.6736
31.3469
32.0087
32.6821
33.3439
34.0172
34.6906
35.3524
36.0141
36.6875
37.3493
38.0111
38.6844
39.3462
40.008
40.6814
41.3431
42.0049
42.6783
43.3517
44.0134
44.6752
45.3486
46.0219
46.6837
47.3455
48.0189
48.6806
49.3424
50.0158
50.6892
51.3509
52.0127
52.6861
53.3478
54.0096
54.683
55.3448
56.0065
56.6799
57.3533
58.0151
58.6768
59.3502
60.012
60.6737
61.3471
62.0205
62.6823
63.344
64.0174
64.6792
65.341
66.0143
66.6877
67.3495
68.0112
68.6846
69.3464
70.0082
70.6815
71.3549
72.0167
72.6785
73.3518
74.0136
74.6754
75.3488
76.0105
76.6723
77.3457
78.019
78.6808
79.3426
80.016
80.6777
81.3395
82.0129
82.6863
83.348
84.0098
84.6832
85.3449
86.0067
86.6801
87.3535
88.0152
88.677
89.3388
90.0005
90.6739
91.3473
92.0091
92.6708
93.3442
94.0176
94.6794
95.3411
96.0145
96.6879
97.3497
98.0114
98.6848
99.3466
100.008
100.682
101.355
102.017
102.679
103.352
104.014
104.676
105.349
106.011
106.672
107.346
108.019
108.681
109.343
110.016
110.69
111.34
112.013
112.686
113.348
114.01
114.683
115.357
116.019
116.68
117.354
118.015
118.677
119.351
120.024
120.686
121.347
122.021
122.683
123.344
124.018
124.68
125.341
126.015
126.688
127.35
128.012
128.685
129.358
130.02
130.682
131.355
132.017
132.679
133.352
134.026
134.687
135.349
136.022
136.684
137.346
138.019
138.693
139.366
140.04
