0.383129
0.766258
1.13778
1.5093
1.88082
2.26395
2.64707
3.01859
3.39011
3.76163
4.13315
4.50467
4.8878
5.27093
5.64245
6.01397
6.38549
6.75701
7.12853
7.50005
7.88317
8.2663
8.63782
9.00934
9.38086
9.7756
10.1471
10.5186
10.8902
11.2617
11.6332
12.0047
12.3878
12.771
13.1425
13.514
13.8855
14.2687
14.6518
15.0233
15.3948
15.7663
16.1379
16.5094
16.8809
17.264
17.6472
18.0187
18.3902
18.7617
19.1332
19.5048
19.8879
20.271
20.6425
21.0141
21.3856
21.7571
22.1286
22.5001
22.8833
23.2664
23.6379
24.0094
24.381
24.7525
25.124
25.5187
25.8902
26.2618
26.6333
27.0048
27.3763
27.7711
28.1426
28.5141
28.8856
29.2571
29.6287
30.0002
30.3949
30.7664
31.138
31.5095
31.881
32.2757
32.6473
33.0188
33.3903
33.7618
34.1333
34.5049
34.8764
35.2711
35.6426
36.0141
36.3857
36.7572
37.1287
37.5002
37.895
38.2665
38.638
39.0095
39.381
39.7526
40.1241
40.5072
40.8903
41.2619
41.6334
42.0049
42.3764
42.7712
43.1427
43.5142
43.8857
44.2572
44.6288
45.0003
45.3834
45.7665
46.1381
46.5096
46.8811
47.2526
47.6357
48.0189
48.3904
48.7619
49.1334
49.5049
49.8765
50.2712
50.6427
51.0142
51.3858
51.7573
52.1288
52.5003
52.8951
53.2666
53.6381
54.0096
54.3811
54.7643
55.1474
55.5189
55.8904
56.2619
56.6335
57.005
57.3765
57.7712
58.1428
58.5143
58.8858
59.2573
59.6288
60.0004
60.3951
60.7666
61.1381
61.5097
61.8812
62.2643
62.6474
63.019
63.3905
63.762
64.1335
64.505
64.8765
65.2713
65.6428
66.0143
66.3858
66.7574
67.1289
67.512
67.8951
68.2667
68.6382
69.0097
69.3812
69.776
70.1475
70.519
70.8905
71.262
71.6336
72.0051
72.3766
72.7481
73.1429
73.5144
73.8859
74.2574
74.6289
75.0005
75.372
75.7435
76.1382
76.5098
76.8813
77.2528
77.6243
78.019
78.3906
78.7621
79.1336
79.5051
79.8766
80.2598
80.6429
81.0144
81.3859
81.7575
82.129
82.5121
82.8952
83.2551
83.6383
84.0098
84.3813
84.7528
85.136
85.5191
85.8906
86.2621
86.6337
87.0052
87.3767
87.7482
88.1429
88.5145
88.886
89.2575
89.629
90.0005
90.3721
90.7436
91.1383
91.5098
91.8814
92.2529
92.6476
93.0191
93.3907
93.7622
94.1337
94.5052
94.8767
95.2483
95.643
96.0145
96.386
96.7575
97.1291
97.5122
97.8953
98.2668
98.6384
99.0099
99.3814
99.7529
100.136
100.519
100.891
101.251
101.634
102.005
102.377
102.748
103.143
103.515
103.886
104.258
104.629
105.001
105.372
105.744
106.138
106.51
106.881
107.253
107.624
108.019
108.391
108.762
109.134
109.505
109.877
110.248
110.643
111.015
111.386
111.758
112.129
112.512
112.895
113.255
113.638
114.01
114.381
114.753
115.136
115.519
115.891
116.262
116.634
117.005
117.377
117.76
118.143
118.515
118.886
119.258
119.629
120.024
120.419
120.79
121.15
121.522
121.905
122.276
122.648
123.019
123.414
123.786
124.157
124.529
124.9
125.272
125.643
126.026
126.409
126.781
127.152
127.524
127.907
128.267
128.639
129.022
129.405
129.776
130.148
130.543
130.914
131.286
131.657
132.029
132.4
132.772
133.143
133.538
133.909
134.281
134.653
135.024
135.396
135.767
136.139
136.533
136.905
137.276
137.648
138.031
138.414
138.786
139.157
139.54
139.912
140.272
140.643
141.015
141.398
141.781
142.153
142.512
142.872
143.256
143.639
144.022
144.405
144.776
145.148
145.519
145.891
146.274
146.657
147.029
147.4
147.772
148.143
148.515
148.898
149.281
149.653
150.024
150.396
150.767
151.162
151.533
151.905
152.276
152.648
153.031
153.414
153.786
154.157
154.529
154.9
155.272
155.643
156.026
156.41
156.781
157.153
157.524
157.896
158.267
158.639
159.01
159.393
159.777
160.148
160.52
160.891
161.263
161.634
162.006
162.389
162.772
163.143
163.515
163.886
164.258
164.629
165.013
165.396
165.767
166.139
166.51
166.882
167.265
167.648
168.02
168.391
168.763
169.134
169.506
169.877
170.272
170.643
171.015
171.386
171.758
172.13
172.501
172.884
173.267
173.639
174.01
174.382
174.765
175.148
175.52
175.891
176.263
176.634
177.006
177.377
177.772
178.143
178.515
178.887
179.258
179.63
180.001
180.384
180.767
181.139
181.51
181.882
182.265
182.648
183.02
183.391
183.763
184.134
184.506
184.877
185.272
185.644
186.015
186.387
186.758
187.13
187.513
187.896
188.267
188.639
189.01
189.382
189.765
190.148
190.52
190.891
191.263
191.634
192.006
192.377
192.749
193.144
193.515
193.887
194.258
194.63
195.001
195.384
195.756
196.139
196.51
196.882
197.254
197.648
198.02
198.391
198.763
199.134
199.506
199.877
200.26
200.644
201.015
201.387
201.758
202.141
202.524
202.896
203.267
203.639
204.011
204.382
204.754
205.148
205.52
205.891
206.263
206.634
207.006
207.377
207.749
208.144
208.515
208.887
209.258
209.63
210.001
210.373
210.756
211.139
211.511
211.882
212.254
212.648
213.02
213.391
213.763
214.134
214.506
214.877
215.261
215.644
216.015
216.387
216.758
217.13
217.501
217.873
218.244
218.639
219.011
219.382
219.754
220.148
220.52
220.891
221.263
221.634
222.006
222.378
222.749
223.144
223.515
223.887
224.258
224.63
225.001
225.373
225.744
226.139
226.511
226.882
227.254
227.637
228.02
228.391
228.763
229.135
229.506
229.878
230.249
230.644
231.015
231.387
231.758
232.13
232.501
232.873
233.244
233.639
234.011
234.382
234.754
235.137
235.52
235.892
236.263
236.635
237.006
237.389
237.749
238.144
238.515
238.887
239.258
239.63
240.025
240.396
240.768
241.139
241.511
241.894
242.265
242.649
243.02
243.392
243.763
244.135
244.506
244.878
245.272
245.644
246.015
246.387
246.758
247.13
247.501
247.896
248.268
248.639
249.011
249.382
249.754
250.137
250.52
250.892
251.263
251.635
252.006
252.389
252.772
253.144
253.515
253.887
254.258
254.642
255.013
255.396
255.768
256.139
256.511
256.882
257.265
257.649
258.02
258.392
258.763
259.135
259.506
259.889
260.272
260.644
261.016
261.387
261.759
262.13
262.502
262.885
263.268
263.639
264.022
264.406
264.812
265.195
265.59
265.985
266.368
266.774
267.169
267.564
267.958
268.353
