0.417959
0.847528
1.2771
1.76472
2.26395
2.76317
3.2624
3.76163
4.26086
4.76009
5.25932
5.75855
6.25778
6.75701
7.26785
7.76707
8.2663
8.76553
9.26476
9.76399
10.2632
10.7624
11.2617
11.7609
12.2601
12.7594
13.2586
13.7578
14.2571
14.7563
15.2555
15.7547
16.2656
16.7648
17.264
17.7633
18.2625
18.7617
19.261
19.7602
20.2594
20.7586
21.2579
21.7571
22.2563
22.7556
23.2664
23.7656
24.2649
24.7641
25.2633
25.7625
26.2618
26.761
27.2602
27.7595
28.2587
28.7579
29.2571
29.7564
30.2556
30.7548
31.2541
31.7533
32.2525
32.7517
33.251
33.7618
34.261
34.7603
35.2595
35.7587
36.258
36.7572
37.2564
37.7556
38.2549
38.7541
39.2533
39.7526
40.2518
40.7626
41.2619
41.7611
42.2603
42.7595
43.2588
43.758
44.2572
44.7565
45.2557
45.7549
46.2542
46.7534
47.2526
47.7518
48.2511
48.7619
49.2611
49.7604
50.2596
50.7588
51.258
51.7573
52.2565
52.7557
53.255
53.7542
54.2534
54.7527
55.2519
55.7627
56.2619
56.7612
57.2604
57.7596
58.2589
58.7581
59.2573
59.7566
60.2558
60.755
61.2542
61.7535
62.2527
62.7519
63.2512
63.762
64.2612
64.7605
65.2597
65.7589
66.2581
66.7574
67.2566
67.7558
68.2551
68.7543
69.2535
69.7527
70.252
70.7628
71.262
71.7613
72.2605
72.7597
73.259
73.7582
74.2574
74.7566
75.2559
75.7551
76.2543
76.7536
77.2528
77.7636
78.2512
78.7621
79.2613
79.7605
80.2598
80.759
81.2582
81.7575
82.2567
82.7559
83.2551
83.7544
84.2536
84.7644
85.2521
85.7629
86.2621
86.7614
87.2606
87.7598
88.259
88.7583
89.2575
89.7567
90.256
90.7552
91.2544
91.7536
92.2529
92.7637
93.2513
93.7622
94.2614
94.7606
95.2599
95.7591
96.2583
96.7575
97.2684
97.7792
98.2785
98.7893
99.2885
99.7994
100.299
100.786
101.297
101.819
102.307
102.818
103.317
103.828
104.316
104.803
105.314
105.813
106.324
106.823
107.334
107.822
108.333
108.832
109.331
109.819
110.353
110.898
111.433
111.955
112.501
113.012
113.511
114.01
114.509
115.008
115.508
116.007
116.506
117.005
117.505
118.004
118.503
119.002
119.501
120.012
120.512
121.011
121.51
122.009
122.508
123.008
123.507
124.006
124.505
125.005
125.504
126.003
126.514
127.071
127.652
128.221
128.755
129.254
129.753
130.252
130.763
131.262
131.762
132.261
132.76
133.259
133.759
134.258
134.757
135.256
135.755
136.255
136.754
137.253
137.752
138.252
138.762
139.262
139.761
140.26
140.759
141.259
141.758
142.257
142.756
143.256
143.755
144.254
144.765
145.252
145.763
146.251
146.762
147.261
147.76
148.259
148.759
149.258
149.757
150.256
150.756
151.255
151.754
152.253
152.764
153.252
153.763
154.262
154.761
155.26
155.759
156.259
156.758
157.257
157.756
158.256
158.755
159.254
159.765
160.253
160.752
161.251
161.762
162.261
162.76
163.259
163.759
164.258
164.757
165.256
165.756
166.255
166.754
167.253
167.764
168.252
168.763
169.262
169.761
170.26
170.76
171.259
171.758
172.257
172.756
173.256
173.755
174.254
174.753
175.253
175.763
176.251
176.75
177.261
177.76
178.26
178.759
179.258
179.757
180.257
180.756
181.255
181.754
182.253
182.753
183.252
183.751
184.25
184.761
185.26
185.76
186.259
186.758
187.257
187.757
188.256
188.755
189.254
189.753
190.253
190.764
191.286
191.82
192.354
192.877
193.399
193.933
194.467
