4.436
5.46
6.469
7.488
8.502
8.518
9.524
10.541
10.555
11.552
12.571
13.589
14.603
15.371
15.623
16.642
17.657
18.675
18.692
19.694
19.708
20.706
21.728
21.746
22.739
22.755
23.504
23.521
23.756
24.774
25.542
25.555
25.791
26.807
27.827
28.84
29.606
29.859
30.878
31.894
31.909
32.914
32.928
33.678
33.933
33.948
34.944
44.13
45.156
46.177
47.21
48.229
49.26
52.333
53.105
54.383
55.412
55.43
56.433
57.46
58.489
58.512
59.259
59.512
60.529
61.544
62.562
62.579
63.582
63.597
64.593
65.616
66.626
66.642
67.391
67.408
67.643
68.661
69.428
69.442
69.678
70.694
71.714
72.727
73.494
73.747
74.765
75.781
75.796
76.801
76.814
77.565
77.821
78.831
79.864
88.018
89.043
90.064
91.098
92.116
93.146
94.177
96.22
96.992
98.27
99.299
99.317
100.32
101.347
102.376
103.146
103.399
104.416
105.431
106.449
106.466
107.468
107.483
108.48
109.502
110.513
110.529
111.278
111.53
112.549
113.316
113.329
113.565
114.581
115.602
116.614
117.38
117.634
118.652
119.668
119.683
120.689
120.703
121.453
121.706
121.722
122.718
131.905
131.917
132.93
133.951
134.986
136.003
140.107
140.88
142.157
143.186
143.203
144.207
145.234
146.263
147.033
147.287
148.303
149.318
150.336
150.353
151.356
151.371
152.368
153.389
154.4
154.416
155.165
155.182
155.417
156.436
157.203
157.217
157.452
158.468
159.489
160.501
161.267
161.521
162.539
163.556
164.575
164.591
165.339
165.594
166.605
167.638
175.792
176.818
177.838
179.89
180.921
183.994
184.767
186.044
187.073
188.094
189.122
190.15
190.172
190.92
191.173
192.191
193.205
194.223
194.24
195.242
195.257
196.254
197.277
198.287
198.303
199.052
199.304
200.323
201.09
201.104
201.339
202.355
203.376
204.389
205.154
205.408
206.426
207.443
208.462
208.476
209.226
209.481
209.498
210.492
211.524
219.679
220.705
221.725
223.777
224.808
227.881
228.654
229.931
230.961
230.978
231.981
233.009
234.037
234.807
235.061
236.077
236.844
237.093
238.11
238.127
239.129
239.144
240.141
241.164
242.174
242.191
242.939
243.191
244.21
244.977
244.99
245.226
246.242
247.264
248.276
249.042
249.295
250.313
251.33
252.351
252.367
253.368
253.384
254.379
263.566
264.592
265.612
267.664
268.694
271.768
272.541
273.818
274.847
274.864
275.868
276.896
277.924
278.694
278.948
279.965
280.731
280.98
281.998
282.014
283.016
283.031
284.028
285.052
286.061
286.077
286.826
287.078
288.097
288.864
288.877
289.113
290.129
291.15
292.163
292.929
293.182
294.2
295.217
295.232
296.237
296.252
297.001
297.255
297.271
298.267
299.299
307.453
308.479
309.499
310.535
311.551
312.583
315.655
316.428
317.705
318.735
318.753
319.755
320.783
321.811
322.582
322.835
323.851
324.866
325.885
325.901
326.904
326.919
327.916
328.939
329.948
329.964
330.713
330.965
331.984
332.751
332.764
333
334.016
335.038
336.05
336.816
337.069
338.087
339.103
339.12
340.123
340.139
340.888
341.143
341.158
342.153
343.187
351.34
352.366
353.386
354.422
355.438
356.469
359.543
360.315
361.592
362.622
362.639
363.642
364.67
365.698
366.469
366.722
367.739
368.754
369.772
369.788
370.79
370.806
371.803
372.825
373.835
373.852
374.6
374.852
375.871
376.638
376.652
376.888
377.903
378.924
379.937
380.703
380.956
381.974
382.99
384.011
384.027
384.774
385.029
385.043
386.041
387.073
395.228
395.24
396.254
397.273
398.308
399.325
400.356
403.43
404.202
405.479
406.508
406.526
407.529
408.557
409.585
410.357
410.609
4.433
5.454
6.466
7.238
7.485
8.499
9.266
9.518
10.536
11.299
11.549
12.568
13.336
13.587
14.601
15.367
15.62
16.639
17.401
17.653
18.671
19.435
19.689
20.703
21.47
21.723
22.735
23.5
23.753
24.773
25.536
25.787
26.804
27.573
27.824
28.594
28.838
28.896
29.603
29.857
30.636
30.875
31.639
31.89
32.909
33.671
33.928
34.941
35.713
35.97
44.126
44.898
45.153
46.175
46.947
47.205
48.226
49.254
50.283
51.306
52.33
53.101
53.359
54.38
55.152
55.408
56.43
57.203
57.458
58.486
59.256
59.509
60.526
61.288
61.54
62.558
63.322
63.577
64.59
65.357
65.61
66.622
67.387
67.641
68.66
69.423
69.674
70.691
71.46
71.711
72.479
72.725
72.782
73.49
73.744
74.523
74.762
75.527
75.777
76.796
77.559
77.816
78.828
79.6
79.857
88.014
88.785
89.04
90.062
90.834
91.092
92.113
93.141
94.169
95.193
96.217
96.988
97.246
98.267
99.039
99.295
100.317
101.091
101.345
102.373
103.143
103.396
104.413
105.175
105.427
106.445
107.209
107.464
108.477
109.245
109.497
110.406
110.509
111.274
111.527
112.547
113.31
113.562
114.579
115.347
115.598
116.612
116.668
117.377
117.631
118.41
118.649
119.414
119.664
120.684
121.446
121.702
122.715
123.487
123.744
131.901
132.673
132.927
133.949
134.721
134.979
136
137.028
138.057
139.08
140.104
140.876
141.133
142.155
142.926
143.182
144.205
144.977
145.232
146.26
147.03
147.283
148.3
149.062
149.314
150.332
151.096
151.351
152.364
153.132
153.384
154.396
155.161
155.415
156.434
157.197
157.449
158.465
159.234
159.485
160.499
161.264
161.518
162.297
162.536
163.301
163.551
164.57
165.333
165.59
166.602
167.374
167.631
175.788
176.56
176.814
177.836
178.608
178.866
179.887
180.915
181.944
182.967
183.991
184.763
185.02
186.042
186.813
187.07
188.092
188.865
189.119
190.147
190.917
191.17
192.187
192.949
193.202
194.219
194.983
195.238
196.251
197.019
197.271
198.283
199.048
199.302
200.321
201.084
201.336
202.353
203.121
203.372
204.386
205.151
205.405
206.184
206.423
207.188
207.438
208.458
209.22
209.477
210.489
211.261
211.518
219.675
220.447
220.701
221.723
222.495
222.753
223.774
224.802
225.831
226.855
227.878
228.65
228.907
229.929
230.7
230.957
231.978
232.752
233.006
234.034
234.804
235.057
236.074
236.836
237.089
238.106
238.87
239.125
240.139
240.906
241.158
242.067
242.17
242.935
243.189
244.208
244.971
245.223
246.24
247.008
247.26
248.029
248.274
249.038
249.292
250.071
250.31
251.075
251.325
252.345
253.107
253.364
254.376
255.149
255.405
263.562
264.334
264.589
265.61
266.383
266.64
267.661
268.689
269.718
270.741
271.766
272.537
272.794
273.816
274.587
274.844
275.866
276.639
276.893
277.921
278.691
278.944
279.961
280.723
280.976
281.993
282.758
283.012
284.026
284.793
285.046
285.955
286.057
286.822
287.076
288.095
288.858
289.11
290.127
290.895
291.147
292.161
292.925
293.179
293.958
294.197
294.962
295.212
296.232
296.994
297.251
298.263
299.036
299.292
307.449
308.221
308.476
309.497
310.27
310.527
311.548
312.576
313.605
314.628
315.653
316.424
316.681
317.703
318.474
318.731
319.753
320.526
320.78
321.809
322.578
322.832
323.848
324.61
324.863
325.88
326.644
326.899
327.913
328.68
328.933
329.841
329.944
330.709
330.963
331.982
332.745
332.997
334.014
334.782
335.034
336.048
336.121
336.812
337.066
337.845
338.085
338.849
339.099
340.119
340.881
341.138
342.15
342.923
343.179
351.336
352.108
352.363
353.384
354.157
354.415
355.435
356.463
357.492
358.515
359.54
360.311
360.568
361.59
362.361
362.618
363.64
364.413
364.667
365.696
366.465
366.719
367.735
368.498
368.75
369.767
370.531
370.786
371.8
372.567
372.82
373.728
373.831
374.596
374.85
375.869
376.632
376.884
377.901
378.67
378.921
379.69
379.935
380.008
380.699
380.953
381.733
381.972
382.736
382.986
384.006
384.768
385.025
386.037
386.809
387.066
395.223
395.995
396.25
397.271
398.044
398.301
399.322
400.35
401.379
402.403
403.427
404.198
404.455
405.477
406.248
406.505
407.527
408.3
408.554
409.583
410.353
410.606
411.625
