0.510839
1.02168
1.52091
2.02014
2.53098
3.0302
3.51782
4.01705
4.52789
5.02712
5.52635
6.01397
6.52481
7.03565
7.58132
8.02249
8.52172
9.02095
9.52018
10.0194
10.5186
11.0179
11.5171
12.0163
12.5272
13.0264
13.514
14.0249
14.5241
15.0233
15.5225
16.0218
16.521
17.0202
17.5195
18.0187
18.5179
19.0288
19.528
20.0272
20.5264
21.0257
21.5249
22.0241
22.5234
23.0226
23.5218
24.021
24.5319
25.0311
25.5303
26.0296
26.5288
27.028
27.5273
28.0265
28.5257
29.0366
29.5242
30.0234
30.5226
31.0335
31.5211
32.0319
32.5312
33.0304
33.5296
34.0288
34.5281
35.0273
35.5265
36.0258
36.525
37.0242
37.5234
38.0227
38.5219
39.0327
39.532
40.0312
40.5304
41.0297
41.5289
42.0281
42.5273
43.0266
43.5258
44.025
44.5359
45.0351
45.5227
46.0219
46.5328
47.032
47.5196
48.0189
48.5297
49.0289
49.5282
50.0274
50.5266
51.0258
51.5251
52.0243
52.5351
53.0344
53.522
54.0212
54.5321
55.0313
55.5189
56.0181
56.529
57.0282
57.5274
58.0267
58.5259
59.0251
59.5244
60.0236
60.5228
61.022
61.5213
62.0205
62.5197
63.0306
63.5298
64.029
64.5283
65.0275
65.5267
66.0259
66.5252
67.0244
67.5236
68.0229
68.5221
69.0213
69.5205
70.0198
70.5306
71.0298
71.5291
72.0283
72.5275
73.0268
73.526
74.0252
74.5244
75.0237
75.5229
76.0221
76.5214
77.0322
77.5314
78.0307
78.5299
79.0291
79.5283
80.0276
80.5268
81.026
81.5253
82.0245
82.5237
83.0229
83.5222
84.0214
84.5206
85.0315
85.5307
86.0299
86.5292
87.0284
87.5276
88.0268
88.5261
89.0253
89.5245
90.0238
90.523
91.0338
91.5331
92.0323
92.5315
93.0307
93.53
94.0292
94.5284
95.0277
95.5269
96.0261
96.5254
97.0246
97.5238
98.023
98.5223
99.0331
99.5323
100.032
100.531
101.03
101.529
102.028
102.528
103.027
103.526
104.025
104.525
105.035
105.523
106.022
106.522
107.032
107.532
108.031
108.53
109.029
109.529
110.028
110.527
111.026
111.525
112.025
112.524
113.035
113.534
114.022
114.521
115.032
115.531
116.03
116.529
117.029
117.528
118.027
118.526
119.025
119.525
120.024
120.523
121.022
121.522
122.021
122.52
123.019
123.519
124.018
124.517
125.028
125.527
126.026
126.526
127.025
127.524
128.023
128.522
129.022
129.521
130.02
130.519
131.03
131.518
132.017
132.528
133.027
133.526
134.026
134.525
135.024
135.523
136.022
136.522
137.033
137.509
138.019
138.519
139.018
139.505
140.016
140.527
141.026
141.502
142.013
142.512
143.023
143.523
144.022
144.533
145.032
145.531
146.03
146.53
147.029
147.528
148.027
148.526
149.037
149.525
150.024
150.523
151.034
151.533
152.033
152.532
153.031
153.53
154.03
154.529
155.028
155.527
156.026
156.526
157.037
157.524
158.023
158.523
159.033
159.533
160.032
160.531
161.03
161.53
162.029
162.528
163.027
163.527
164.026
164.525
165.024
165.523
166.023
166.522
167.021
167.52
168.02
168.53
169.03
169.529
170.028
170.527
171.027
171.526
172.025
172.524
173.023
173.523
174.022
174.533
175.032
175.531
176.019
176.53
177.029
177.528
178.027
178.527
179.026
179.525
180.024
180.535
181.034
181.522
182.021
182.532
183.031
183.531
184.03
184.529
185.028
185.527
186.027
186.526
187.025
187.524
188.024
188.534
189.034
189.521
190.02
190.531
191.031
191.53
192.017
192.517
193.016
193.515
